58,35
55,5
55,4
55,3
55,2
55,1
54,7
54,6
54,1
53,10
53,9
53,8
53,1
52,7
52,1
51,5
51,1
50,5
50,1
49,6
49,5
49,1
48,6
48,5
48,1
10,220
47,5
10,172
47,1
10,164
46,5
10,280
10,12
46,1
10,150
45,4
10,286
45,1
44,5
44,4
11,22
11,8
11,10
11,20
44,1
43,7
43,6
11,14
43,5
11,16
43,4
11,26
11,4
43,1
42,4
9,4
9,6
42,1
41,7
41,6
41,5
41,4
8,7
8,5
8,8
8,12
8,13
41,1
40,8
40,7
40,1
39,5
39,1
38,4
38,1
37,4
37,1
36,5
36,4
36,1
34,4
34,1
33,4
33,1
32,4
32,1
20,3
20,2
20,1
19,2
12,3
19,1
12,2
19,3
12,1
11,19
11,17
11,15
11,13
11,11
11,9
11,7
11,5
11,3
11,2
11,1
10,271
10,247
10,205
10,179
10,175
10,173
10,125
